[array([ 0.06927892,  0.01084133,  0.0431576 , -0.05777191,  0.1485649 ,
        0.03124549, -0.08355477,  0.1052863 ,  0.03395914, -0.01925633,
       -0.08703331, -0.02093658, -0.01320245, -0.03659036,  0.07404105,
        0.077314  , -0.07729308,  0.22463219, -0.05201751, -0.01299409,
        0.05955428,  0.27259505,  0.07363454, -0.02728649,  0.15894483,
       -0.04389892, -0.04284442, -0.0098001 , -0.07651999,  0.10503998,
        0.10863337,  0.0192916 ,  0.2139477 , -0.12162789,  0.06442729,
       -0.10146194,  0.03273474, -0.03393183,  0.03558565, -0.08493326,
       -0.06536601, -0.01533816,  0.08816513,  0.00253426,  0.12674646,
        0.12398418,  0.04845216, -0.02963487,  0.08281091,  0.09816001,
       -0.01627379, -0.08732356,  0.10688638, -0.0983642 ,  0.04610182,
       -0.02148539, -0.1456315 , -0.05683357, -0.10423032,  0.0367176 ,
        0.01549507, -0.05811357, -0.03724064, -0.01802384, -0.08961565,
        0.09703482, -0.11666635,  0.01248035,  0.00548147,  0.15225898,
        0.10417666, -0.01216886,  0.118683  ,  0.06530716,  0.05832291,
        0.0303322 , -0.07449478, -0.03226573,  0.01196489, -0.11726086,
        0.09758091, -0.08512348,  0.03395771,  0.11811265, -0.09723824,
       -0.11369217, -0.04781631,  0.00513577,  0.04919913,  0.00245113,
       -0.01402752, -0.04296885,  0.30420545, -0.07505564, -0.0011767 ,
       -0.16607279,  0.15229145, -0.0843236 , -0.10274351, -0.12221878,
       -0.08085543,  0.0364452 , -0.00539372,  0.10272112, -0.0182032 ,
        0.00483804,  0.02784074,  0.0750782 ,  0.06476252,  0.11894806,
       -0.11084546, -0.05647276,  0.00490135, -0.00860774,  0.15707298,
        0.03526625,  0.01141514, -0.08059889, -0.07409402, -0.06517733,
       -0.03847319,  0.00302913,  0.16735758, -0.05016898, -0.00221918,
       -0.0466968 , -0.10470398, -0.06545058], dtype=float32), array([ 0.06253745, -0.07710171, -0.02260811,  0.07826789,  0.16844925,
        0.02539876, -0.07435971,  0.15614294,  0.00539343, -0.01659401,
        0.15009485,  0.01368002,  0.01158464,  0.17981972, -0.06689649,
        0.0541655 ,  0.00612345,  0.00241046,  0.00677679,  0.08601517,
        0.03213402,  0.23820707, -0.03416107, -0.03471426,  0.04353411,
        0.02891984, -0.08567771, -0.02861253,  0.06098345,  0.01634974,
        0.10543744,  0.02194346,  0.14836587, -0.0704568 ,  0.00998836,
        0.13041906,  0.10526466, -0.05563183,  0.05305526, -0.10596065,
       -0.02335238, -0.03209093,  0.08313739,  0.05077849,  0.03150245,
       -0.0459635 ,  0.03529976, -0.02368591,  0.00723576,  0.04100066,
       -0.06767944, -0.04145524,  0.21875198, -0.01450817, -0.02787515,
       -0.0515007 , -0.10707901,  0.04181146, -0.09491717, -0.00939705,
        0.09188464, -0.07496437,  0.03867779,  0.00057268, -0.06671405,
        0.11311658, -0.04810576, -0.05176967,  0.00463113,  0.16735342,
        0.0928351 , -0.07044096, -0.03090952,  0.2170013 ,  0.14800526,
        0.05065386, -0.07644538, -0.04048592,  0.02110264, -0.10814689,
        0.13421959,  0.0320587 ,  0.03989429,  0.1450399 ,  0.05987384,
       -0.04932667, -0.03265054, -0.02862344, -0.0471893 ,  0.15496479,
        0.18487495,  0.07253056,  0.01782688, -0.05681871,  0.1741853 ,
       -0.14970818,  0.04293048, -0.06969972, -0.03311975, -0.07882161,
       -0.08037414,  0.0195097 ,  0.11417817,  0.11161694,  0.1700921 ,
        0.14392589, -0.03027793, -0.11251188,  0.16796203, -0.08725025,
       -0.08827172, -0.06562284, -0.07574306,  0.19259228, -0.0182743 ,
       -0.01840404, -0.02996865, -0.0165673 , -0.00414305,  0.05957148,
        0.03441606, -0.07658887,  0.08988638, -0.05974131, -0.14491768,
       -0.04764371, -0.02345444,  0.07808909], dtype=float32), array([ 0.09606007, -0.02963961,  0.00343855, -0.13969354,  0.17009655,
       -0.01874881, -0.06841376, -0.10300896, -0.0927932 , -0.10433546,
       -0.11267292, -0.12521829,  0.026661  , -0.04220925,  0.07511689,
       -0.06114319,  0.03504054,  0.1385101 , -0.00035886, -0.03300359,
       -0.07810126,  0.12951593, -0.06706282,  0.0108979 , -0.06957672,
       -0.07377014,  0.02348315, -0.02723829, -0.06498226, -0.06349328,
       -0.06692237,  0.00260744,  0.0556572 , -0.03170371,  0.08025602,
       -0.08065656,  0.17945002, -0.11924477,  0.1551575 , -0.10894785,
       -0.04271719,  0.13213776, -0.03793545, -0.09439318,  0.10811816,
        0.04784884, -0.02583857, -0.04463861, -0.01527829,  0.01074854,
       -0.11618024, -0.00798215, -0.06896728, -0.06866109,  0.00404765,
        0.29722956, -0.16421191,  0.07084976,  0.04836649, -0.10211554,
       -0.07397021,  0.12221146, -0.05725118, -0.10942295, -0.1184492 ,
       -0.02426176,  0.02678013, -0.00209067, -0.05423006,  0.15168181,
       -0.01009304, -0.05408633,  0.01843276, -0.09723897,  0.04919223,
        0.04973618, -0.0808379 ,  0.02202402,  0.06629995, -0.0386925 ,
        0.00119728, -0.08278722, -0.05953851,  0.05413408,  0.04746083,
       -0.18529384, -0.1029236 ,  0.09081118, -0.09775515, -0.05082759,
       -0.02934914, -0.10261009,  0.13782175, -0.06369037,  0.00958217,
       -0.14119609, -0.044083  , -0.06080829, -0.09182145, -0.12353998,
       -0.03835061,  0.09076035, -0.11279954, -0.0469608 ,  0.05544628,
       -0.10319556,  0.09954596, -0.10117805, -0.10165383, -0.05428283,
       -0.13666725, -0.05446011,  0.01487215, -0.11020332,  0.06474997,
       -0.03736911, -0.10729991, -0.07876309, -0.01725179, -0.10148327,
       -0.10909157, -0.12124877,  0.01645673, -0.04130314,  0.16639742,
       -0.09050915, -0.055041  , -0.10531819], dtype=float32), array([ 0.21284272, -0.04796793, -0.13533005, -0.17196517,  0.00774975,
        0.09800223, -0.08311402, -0.08230293, -0.05441562, -0.04765018,
       -0.09191793, -0.04752113, -0.00928634, -0.08718531,  0.00580447,
        0.05012087, -0.04399971, -0.10502677, -0.06846989, -0.04840986,
        0.10657609, -0.07301207, -0.10707424, -0.06276503, -0.07765239,
       -0.11272404, -0.01118028,  0.05762113, -0.03140509,  0.04299002,
       -0.01841391,  0.05221224,  0.08154575,  0.03635732, -0.02288025,
        0.11569913,  0.07939345, -0.05462909,  0.23288311, -0.07517751,
       -0.04569223,  0.05848378, -0.02916356,  0.067179  , -0.06250565,
       -0.00517042,  0.05159871, -0.07572464,  0.0713752 , -0.08031413,
       -0.03025874, -0.05850384,  0.10809348, -0.06706987,  0.1472172 ,
        0.23860146, -0.00876633, -0.01948308,  0.00099859, -0.10121677,
       -0.03055245,  0.24110906, -0.07277299,  0.01288397, -0.0683084 ,
       -0.13799234, -0.08915971, -0.04066155,  0.03422987,  0.1058206 ,
       -0.08468567, -0.1082243 , -0.00730543,  0.06217628, -0.02341309,
        0.09404793,  0.05015231, -0.05033368, -0.03765237, -0.1102519 ,
        0.14300327,  0.06621651, -0.11597633, -0.01132965,  0.05128568,
       -0.02923669, -0.13004835,  0.2542508 , -0.06763201, -0.04027392,
        0.0513717 ,  0.0186242 ,  0.06482881,  0.0056968 ,  0.08561364,
       -0.02800461, -0.0739092 ,  0.09202585, -0.09567048, -0.02473334,
        0.01560529,  0.20349889, -0.0906198 ,  0.12726668,  0.08078413,
       -0.02269802, -0.01077239, -0.14840803,  0.02454426, -0.02359485,
       -0.11341916, -0.03198061,  0.06731926, -0.08387862, -0.0019659 ,
       -0.04171047, -0.04206172,  0.01526344, -0.06000153, -0.0422824 ,
       -0.11348932, -0.07849071, -0.06007835,  0.14852536,  0.12435813,
       -0.05332543, -0.01899965, -0.12291653], dtype=float32), array([ 0.08168214, -0.07732218, -0.10026763, -0.10022049,  0.10134944,
        0.04329006, -0.06930893,  0.16877428,  0.0299388 , -0.01075774,
       -0.04708112, -0.00154611,  0.00404022,  0.0076331 ,  0.08795547,
       -0.00474151, -0.02847174,  0.13864884, -0.1130195 ,  0.00252322,
       -0.03595155,  0.2833507 ,  0.08835174,  0.04761259,  0.02111949,
        0.09169929, -0.05379713,  0.05345522, -0.08327404,  0.00068114,
        0.17599925, -0.01361663,  0.10255262, -0.15741171,  0.06822114,
        0.00501216,  0.06979818, -0.06276832,  0.04290892, -0.1434503 ,
       -0.08636255, -0.016211  ,  0.06976265,  0.02909645,  0.19096185,
        0.08480494,  0.06515732,  0.06874124,  0.06149561, -0.00829661,
       -0.1206696 , -0.10228682,  0.08613702, -0.06908959,  0.05345529,
        0.05796584, -0.12852438, -0.03052299,  0.00328282, -0.04456098,
        0.0393897 ,  0.07414741, -0.0101482 , -0.04351766, -0.08923829,
        0.06185476, -0.09810653, -0.03515483,  0.05058474,  0.1936996 ,
        0.05662961, -0.01159683,  0.03766562,  0.2452705 ,  0.03155417,
        0.19952954, -0.03727969, -0.04602189,  0.00554248, -0.11490717,
        0.0832467 , -0.08374815,  0.01534383,  0.0975964 ,  0.02413781,
        0.00505002, -0.06514356,  0.00741855,  0.01020721, -0.02040852,
        0.02521624,  0.05376405,  0.17436308, -0.05929571,  0.03432495,
       -0.19227356,  0.08465568, -0.09064661, -0.14001715, -0.07910292,
       -0.07938317,  0.19343632,  0.07066157,  0.04608389,  0.16919038,
        0.10275791,  0.21361722, -0.04235495,  0.04258388, -0.01092514,
       -0.14908546, -0.05420399, -0.00957062,  0.00332726, -0.00155812,
       -0.04639656,  0.0333205 , -0.09904431, -0.00422281, -0.05223902,
       -0.03736294, -0.00551743, -0.0437692 , -0.04512091, -0.04879264,
       -0.03300521, -0.00715299, -0.00165826], dtype=float32), array([ 1.70219511e-01, -6.92544356e-02, -3.33064720e-02, -1.52363673e-01,
       -2.33531557e-03, -2.77651325e-02, -7.07150847e-02,  2.62755379e-02,
        9.85746309e-02,  8.68037995e-03, -7.85930902e-02,  1.57422293e-02,
       -1.76532678e-02,  1.72955945e-01, -8.78280252e-02, -5.05338013e-02,
        6.87546730e-02, -6.04771003e-02, -2.71368865e-02, -5.03623597e-02,
        2.61951923e-01,  2.14133158e-01,  8.92067328e-03,  1.42153189e-01,
       -8.78398493e-03, -3.82321402e-02, -6.77376101e-03, -7.36780018e-02,
        3.18827368e-02, -1.28046256e-02, -6.51112348e-02,  8.96605849e-02,
        1.83396056e-01, -6.21487488e-05, -1.74660911e-03, -2.90632970e-03,
        1.88396171e-01, -3.88773903e-03,  1.76326096e-01, -1.04788773e-01,
       -4.09578234e-02, -8.39041732e-03, -8.38919654e-02,  1.89306885e-02,
        4.38569598e-02, -7.09647909e-02,  1.52208447e-01, -5.53448461e-02,
       -3.68313082e-02,  2.46240236e-02, -1.12117112e-01, -6.07004799e-02,
        1.54190272e-01, -6.19656071e-02,  1.19117461e-01,  8.57259035e-02,
       -4.89153638e-02, -3.26285698e-02, -1.78533401e-02, -8.10545161e-02,
       -6.02872744e-02,  3.54219414e-02,  1.26580268e-01, -9.78622735e-02,
       -2.35633068e-02,  4.13881019e-02, -5.16277812e-02, -2.71473210e-02,
       -8.52391496e-02,  1.66380718e-01, -4.40626182e-02, -5.24100624e-02,
        1.08409196e-03,  2.69313864e-02,  7.95285031e-03,  7.64201656e-02,
        3.87720354e-02, -6.22023121e-02, -1.24413555e-03, -2.89089866e-02,
        1.89012706e-01,  1.12046257e-01, -1.01181284e-01,  2.24065874e-02,
       -9.85976830e-02, -9.69592333e-02, -2.04132143e-02,  1.86301082e-01,
        7.80989826e-02, -1.34330615e-01, -8.36207941e-02,  1.96692601e-01,
        8.16308856e-02, -1.00135133e-01,  7.64643326e-02,  6.80774730e-03,
        4.29798791e-04, -7.96685517e-02, -1.03319466e-01, -1.49048969e-01,
       -5.44272810e-02, -1.36002600e-02, -7.98651576e-02,  2.02404130e-02,
        6.18497133e-02, -8.73795748e-02, -7.30606690e-02, -4.20814455e-02,
       -7.39460811e-02,  9.28837955e-02, -1.22069880e-01,  2.26164982e-02,
        1.29260719e-01,  1.28934318e-02,  1.83814213e-01, -1.67829674e-02,
       -6.97713196e-02, -4.42448370e-02,  3.97334769e-02, -3.53388488e-02,
       -3.28623801e-02, -8.30771476e-02,  6.68526161e-03, -4.61192504e-02,
        8.72833058e-02,  1.01321666e-02, -2.18811277e-02,  1.00259408e-01],
      dtype=float32), array([ 2.78862476e-01,  1.22735947e-01,  6.28618374e-02, -1.50956223e-02,
        2.06743944e-02, -2.86598038e-02,  1.78012520e-01, -5.67888841e-02,
        6.41158503e-03, -1.15021357e-04,  2.29719710e-02, -5.50340228e-02,
       -1.08437769e-01,  1.91515222e-01, -4.40648273e-02,  1.21489227e-01,
       -2.73572039e-02, -2.04307660e-02,  9.92765874e-02, -1.01584457e-02,
        1.31583318e-01,  2.05302894e-01, -7.80594274e-02, -6.82073310e-02,
       -2.57181637e-02, -6.81080595e-02,  3.43981870e-02, -2.10217200e-02,
        1.57397403e-03,  1.15800500e-02,  7.46974498e-02,  2.08113827e-02,
        7.78854266e-02, -1.62588000e-01,  5.66348154e-03,  1.60627731e-03,
       -1.06338290e-02,  1.58950478e-01,  2.06236497e-01, -9.77442935e-02,
       -7.40410239e-02, -2.96331644e-02, -1.03989586e-01,  7.15414733e-02,
        2.39891503e-02,  3.69746797e-02, -4.22104448e-03, -8.73610452e-02,
       -7.01249987e-02, -7.98276160e-03, -1.14033885e-01,  1.75705478e-02,
        1.29529148e-01, -7.18431175e-02,  5.71129518e-03,  2.34923705e-01,
       -1.40980303e-01,  1.41145906e-03,  1.01640314e-01, -2.77296845e-02,
       -4.82785925e-02,  2.04753615e-02, -1.49731161e-02,  1.72201581e-02,
        8.28431826e-03, -7.33042285e-02,  1.09305814e-01, -7.89562687e-02,
       -4.39330302e-02,  1.91066444e-01,  2.13644784e-02, -1.52524700e-02,
       -4.35607061e-02, -6.31025806e-02,  8.23721215e-02, -2.16624439e-02,
        1.50430633e-03, -6.06732219e-02,  8.98036286e-02,  9.23818164e-03,
       -5.57648465e-02, -1.05830826e-01, -3.89231602e-04,  1.08233690e-01,
        1.84668705e-01, -1.69297811e-02,  5.42693846e-02,  9.49716046e-02,
       -6.75976500e-02, -9.45735425e-02,  5.78863695e-02, -6.56651612e-03,
       -6.53785467e-02,  3.05771045e-02, -5.41843427e-03, -4.30684201e-02,
        1.29487962e-01, -1.03719667e-01, -1.00872949e-01, -3.43550146e-02,
       -1.39471248e-01,  7.13702887e-02, -4.20781113e-02, -5.58279566e-02,
       -6.11408055e-02, -9.85361487e-02,  9.56497863e-02, -8.94300491e-02,
       -4.23972793e-02,  1.40698757e-02, -1.03095725e-01,  1.76501628e-02,
        9.50453654e-02, -6.95296228e-02, -1.35633573e-02,  5.83396526e-03,
       -8.84613395e-02, -5.99431507e-02,  1.27410069e-01,  1.96412459e-01,
       -5.32745384e-02, -8.73225555e-02,  1.18454367e-01, -7.97116682e-02,
        1.27982438e-01, -5.56710735e-03, -7.40389675e-02, -5.56775033e-02],
      dtype=float32), array([ 0.15112352, -0.12751171, -0.07377013, -0.16118832, -0.0520489 ,
        0.0791989 , -0.08475068,  0.00968941,  0.05669378,  0.14354187,
       -0.0348844 , -0.03173103,  0.06779312, -0.09008383, -0.07697566,
        0.00556561,  0.08297331, -0.11815391, -0.02406596, -0.09149774,
       -0.04718726,  0.07092827,  0.00292384,  0.02252322, -0.05465339,
       -0.10208386, -0.07891081,  0.10135261,  0.04301892, -0.0364118 ,
       -0.0860841 , -0.08069944,  0.13457568, -0.00227773,  0.04361756,
        0.00393726, -0.06507979, -0.07048476,  0.07397931,  0.06201371,
        0.03591438, -0.10116037,  0.04542958,  0.02595373,  0.14591137,
        0.00839247,  0.0495195 , -0.10715707, -0.05239605,  0.19917642,
        0.01443809,  0.04773957, -0.01307892, -0.05277606,  0.12420497,
        0.2514177 ,  0.02799631, -0.09228018, -0.03183567, -0.10003216,
       -0.07911102,  0.21901366,  0.05129361, -0.03796482,  0.08682642,
        0.14639084, -0.03366733, -0.04521491, -0.07858322,  0.00611414,
       -0.07118572,  0.06724678,  0.12189241, -0.05674399, -0.01159018,
        0.12481892,  0.06483699, -0.04343453,  0.05104171,  0.03759499,
       -0.03403653, -0.01848081, -0.10228468, -0.02414656, -0.01205111,
        0.03433392, -0.08282623,  0.05374939, -0.09097482, -0.06039818,
        0.05088312,  0.03120787,  0.16281843,  0.18065126,  0.0471828 ,
        0.16970587, -0.07159772,  0.02922462, -0.06201869, -0.10839363,
       -0.0952758 ,  0.03229374,  0.06408625,  0.09358457,  0.17377196,
        0.10200797, -0.06598318, -0.05105833, -0.06261504,  0.19330531,
       -0.04731169, -0.05218065, -0.00883697,  0.04668062, -0.02495705,
        0.09166816, -0.02119034, -0.08550037, -0.09378189, -0.06573814,
       -0.05203783, -0.02916226, -0.03552977, -0.0561895 ,  0.01946145,
        0.15049696,  0.24736704, -0.08277871], dtype=float32), array([ 0.01775997, -0.1260777 , -0.07261667, -0.10776409,  0.066428  ,
        0.04898083, -0.07686568,  0.11359987, -0.03507297,  0.03930061,
        0.05937004,  0.06031759, -0.0314431 ,  0.06891438,  0.03082504,
        0.03542077, -0.10179976,  0.06780745, -0.06471317, -0.01498387,
        0.04287807,  0.23113169,  0.07460614, -0.05713401,  0.00374269,
       -0.01001407,  0.0109101 , -0.0692073 , -0.00720812,  0.00838978,
        0.12751208, -0.09889536,  0.1743636 , -0.05447509, -0.08664637,
       -0.07603699,  0.0435243 , -0.09459601,  0.00896908, -0.1035071 ,
       -0.07258797, -0.06973508,  0.22353874,  0.00715477,  0.13606557,
       -0.0186097 ,  0.20917057,  0.01616112,  0.10593528,  0.05438966,
       -0.04876443, -0.0977697 ,  0.09834803, -0.0625857 , -0.00196516,
        0.04434768, -0.0285428 ,  0.06858829, -0.06914884, -0.06688185,
        0.03720021,  0.04856417, -0.02475147,  0.01364328, -0.06984092,
        0.09903575, -0.13082667, -0.07014245, -0.07057115,  0.17455548,
        0.00748591, -0.06023462,  0.10146127,  0.21766241, -0.08176283,
        0.18894221, -0.05954913, -0.01100727, -0.00265039, -0.16389324,
        0.05281072, -0.05997438,  0.00187225, -0.04633584, -0.01049777,
        0.0106282 , -0.05539219,  0.04356351, -0.05435704,  0.05990034,
        0.03277781, -0.0410163 ,  0.07435984, -0.0867283 ,  0.08856348,
       -0.03646659,  0.24176122, -0.025696  , -0.10893091, -0.0451214 ,
       -0.13353017, -0.04516518,  0.07733955, -0.05380912,  0.16374305,
        0.17202985,  0.13175948,  0.01068554,  0.14346737,  0.10059665,
       -0.10783301,  0.04688954, -0.03113262,  0.05219775,  0.01235313,
        0.07687744, -0.0361204 , -0.09674167,  0.05944607,  0.19506729,
        0.06737591, -0.08017062,  0.04734282, -0.05094588, -0.05143952,
        0.03218958,  0.01909513, -0.05209452], dtype=float32), array([ 0.0737654 ,  0.01242807, -0.04681931, -0.15823773,  0.12342837,
       -0.10097029, -0.09493549, -0.09765698, -0.10914028, -0.06520733,
       -0.00435874, -0.07545488,  0.05966496, -0.05782644, -0.00735429,
       -0.01979877, -0.05176167,  0.10858009, -0.01833335,  0.00336134,
        0.09038826,  0.03555464, -0.11668239,  0.12802927,  0.15421568,
       -0.07906494, -0.08729663,  0.02446537, -0.0683506 ,  0.11198658,
       -0.02131934, -0.02197071,  0.17823526, -0.05505547, -0.07540408,
       -0.0416652 ,  0.06584647, -0.08388525,  0.07291896, -0.08650075,
       -0.02453784,  0.01748744, -0.13072145, -0.11071247, -0.09774865,
       -0.09117061,  0.18141685, -0.06518698,  0.04198048,  0.05962968,
        0.12289754,  0.06477879, -0.00630111,  0.00983767,  0.05825626,
        0.23172332, -0.11107353,  0.14393993, -0.13482971,  0.00864546,
       -0.02492372,  0.1314077 ,  0.10236417, -0.01806394,  0.08562388,
        0.05619786, -0.10206778,  0.05782251,  0.04479993,  0.0945486 ,
       -0.08485356, -0.04529767,  0.03785753,  0.03530316,  0.07870696,
       -0.0708338 ,  0.01292832, -0.05003216,  0.05278751, -0.1200388 ,
       -0.03870166,  0.13282007, -0.0772227 ,  0.04602754, -0.0851528 ,
       -0.16668826, -0.03011701, -0.05851824, -0.02992242,  0.11493515,
       -0.00877963,  0.0769205 , -0.05665493, -0.09537486,  0.06049821,
        0.02649299,  0.00659705,  0.34198064, -0.06221303, -0.06017696,
       -0.08156675, -0.04307323, -0.03517174, -0.06768356, -0.1001122 ,
       -0.12048684, -0.00923803,  0.08084162, -0.03052451,  0.01830667,
       -0.09897224,  0.11080252,  0.14286467, -0.05468819,  0.12879914,
        0.03437342, -0.04820764, -0.01254076, -0.09947825, -0.03841216,
       -0.01103081,  0.00840116, -0.03801497, -0.01224073,  0.03321265,
        0.04433801,  0.18466182, -0.03049447], dtype=float32), array([ 0.19426689, -0.08542294, -0.07846271, -0.02289355,  0.10803569,
        0.08883841, -0.1028441 ,  0.09756261,  0.04778537,  0.02520127,
       -0.07996498,  0.0693659 ,  0.09383418,  0.07547074,  0.05012815,
        0.09832932, -0.0966467 ,  0.06557668, -0.07831094, -0.07511098,
       -0.01873851,  0.1180796 , -0.02827257,  0.01103858,  0.04117228,
        0.04228922, -0.08327087, -0.02101178, -0.0597128 ,  0.03445818,
        0.02240079, -0.08594778,  0.1548879 , -0.10898914, -0.072061  ,
       -0.03804353,  0.2527711 , -0.09583453,  0.12509796, -0.14667408,
       -0.01225842, -0.00629132,  0.18771118,  0.06839401,  0.1420234 ,
       -0.01046957,  0.12670152, -0.01099297,  0.12126397,  0.04998554,
       -0.0592067 , -0.06532484,  0.08331218, -0.07920804,  0.00678472,
        0.0227743 , -0.14403899, -0.02041887, -0.0329339 , -0.03108263,
        0.01849037,  0.03353269,  0.02174617,  0.07284997, -0.09757346,
       -0.01152741, -0.15863968,  0.04467628, -0.02102248,  0.00652386,
       -0.07469589,  0.00233133,  0.10851761,  0.27508327, -0.01960464,
        0.08534886, -0.04334554, -0.01401758,  0.03924671, -0.13596489,
        0.01670711,  0.01218517, -0.01951283, -0.06132348, -0.05059135,
       -0.00816963, -0.09889608,  0.06128133, -0.0950012 ,  0.07639442,
       -0.03219107,  0.0335957 ,  0.11856887, -0.0843218 ,  0.11058867,
       -0.0033586 ,  0.15043302,  0.01328873, -0.11800986, -0.10948944,
       -0.1052497 ,  0.05125738, -0.09004489, -0.05701432,  0.23768516,
        0.05102226,  0.09817405, -0.08833949,  0.0460066 ,  0.12139469,
       -0.14825474,  0.00497896,  0.00956289,  0.0501601 ,  0.09390663,
        0.10823508, -0.08514763, -0.09534971,  0.03834968,  0.11250402,
       -0.0779285 , -0.05687577, -0.03195652, -0.03411566, -0.09668554,
       -0.06041757, -0.05168762, -0.06274442], dtype=float32), array([ 1.02143981e-01, -9.56923217e-02, -9.90182608e-02, -1.23716302e-01,
        9.12049487e-02, -3.04870326e-02, -6.41797995e-03,  1.29224002e-01,
        4.73024137e-02,  5.75249754e-02, -5.67702129e-02, -1.88570134e-02,
        3.82120870e-02, -8.67704488e-03,  6.45162389e-02, -5.78971505e-02,
        6.94549829e-02,  8.98315087e-02, -1.43005084e-02, -2.20463052e-02,
       -2.52391789e-02,  2.16325670e-01,  8.02001655e-02,  1.86894126e-02,
        5.15757389e-02, -4.79447283e-02, -1.66277159e-02,  6.93220496e-02,
       -5.20913824e-02, -8.92161950e-03,  9.53410491e-02, -4.27168831e-02,
        9.22143161e-02, -6.78115785e-02,  5.47225401e-02,  1.79604497e-02,
        2.71277670e-02, -7.26536587e-02,  1.91576436e-01, -9.59787443e-02,
       -6.96932152e-02, -2.58025667e-03,  1.23682491e-01,  4.26796600e-02,
        1.77350640e-01,  1.81747362e-01,  7.44662061e-02, -4.25226465e-02,
       -1.29041430e-02,  1.10142194e-01, -3.96154961e-03, -6.17534518e-02,
        3.50009985e-02, -5.93194105e-02,  9.58870873e-02,  8.73680785e-02,
       -8.15661997e-02, -2.65907263e-04, -1.08189173e-01, -7.29233176e-02,
        1.11268863e-01,  9.09762830e-02, -4.18274067e-02, -8.43719468e-02,
       -6.49765879e-02,  8.08851197e-02, -6.97453916e-02, -1.36857601e-02,
       -1.99276600e-02,  2.92960167e-01,  5.50898910e-02, -2.95356605e-02,
        3.57857603e-03,  2.02978447e-01,  6.06441014e-02,  1.73442125e-01,
       -4.57789935e-03, -1.14458883e-02,  6.55710027e-02, -9.47155356e-02,
        2.41905123e-01, -6.73928559e-02, -4.09359336e-02,  9.64911431e-02,
        1.65330291e-01, -2.61565261e-02, -4.89996709e-02,  1.23783544e-01,
        2.33469680e-02, -4.42520678e-02,  8.38061571e-02, -1.25441421e-02,
        1.86117157e-01, -8.61656740e-02,  1.21423058e-01, -1.30977228e-01,
        4.18267064e-02, -5.95070198e-02, -3.95656452e-02, -1.27528295e-01,
       -8.70884135e-02,  9.04439390e-02,  3.14871296e-02,  7.69276172e-02,
        1.25603035e-01,  1.24401778e-01,  7.48519897e-02,  1.08666113e-02,
        7.74730518e-02,  2.53704935e-03, -9.06213447e-02, -3.55047360e-02,
        6.05885126e-03,  3.43306139e-02,  1.56890079e-01, -3.43659259e-02,
       -2.38634460e-02, -6.99859411e-02, -4.02766168e-02, -3.70311327e-02,
       -4.64365631e-02,  4.10974771e-02,  1.38053164e-01, -4.98819426e-02,
        2.22134832e-02,  7.48760104e-02,  6.54820865e-03, -5.90755939e-02],
      dtype=float32)]